# Version: 12
# Coordinate system: World
# Created by: Brainsight 2.5b3
# Units: millimetres, degrees, milliseconds, and microvolts
# Encoding: UTF-8
# Notes: Each column is delimited by a tab. Each value within a column is delimited by a semicolon.
# Target Name	Loc. X	Loc. Y	Loc. Z	m0n0	m0n1	m0n2	m1n0	m1n1	m1n2	m2n0	m2n1	m2n2
Sample 1	-42.4206	35.4420	43.2301	-0.7766	-0.5027	-0.3797	0.4384	-0.8641	0.2473	-0.4525	0.0256	0.8914
Rect. Grid 1	-42.4206	35.4420	43.2301	-0.8304	-0.5268	-0.1815	0.4687	-0.8366	0.2836	-0.3013	0.1504	0.9416
Rect. Grid 1 (0, 0)	-36.2187	55.2354	39.0897	-0.8449	-0.5104	-0.1602	0.4027	-0.8040	0.4375	-0.3521	0.3052	0.8848
Rect. Grid 1 (0, 1)	-29.7883	43.2390	45.3507	-0.8763	-0.4815	-0.0142	0.4816	-0.8764	-0.0051	-0.0100	-0.0113	0.9999
Rect. Grid 1 (0, 2)	-22.5383	30.5801	48.7309	-0.8660	-0.5000	-0.0104	0.4994	-0.8657	0.0327	-0.0254	0.0231	0.9994
Rect. Grid 1 (1, 0)	-48.7521	47.5295	37.1134	-0.5310	-0.6514	-0.5419	0.2368	-0.7281	0.6433	-0.8136	0.2133	0.5409
Rect. Grid 1 (1, 1)	-42.4206	35.4420	43.2301	-0.7766	-0.5027	-0.3797	0.4384	-0.8641	0.2473	-0.4525	0.0256	0.8914
Rect. Grid 1 (1, 2)	-35.3672	22.8825	47.4138	-0.8693	-0.4938	0.0195	0.4939	-0.8695	-0.0041	0.0190	0.0061	0.9998
Rect. Grid 1 (2, 0)	-59.1123	38.9613	31.1036	-0.4602	-0.6394	-0.6159	0.1891	-0.7484	0.6357	-0.8674	0.1760	0.4654
Rect. Grid 1 (2, 1)	-53.8574	27.3103	38.1461	-0.5604	-0.4354	-0.7046	0.3866	-0.8898	0.2424	-0.7325	-0.1366	0.6670
Rect. Grid 1 (2, 2)	-47.0660	14.8059	42.4618	-0.6809	-0.4537	-0.5750	0.4574	-0.8765	0.1500	-0.5720	-0.1609	0.8043
# Sample Name	Session Name	Index	Loc. X	Loc. Y	Loc. Z	m0n0	m0n1	m0n2	m1n0	m1n1	m1n2	m2n0	m2n1	m2n2	Offset	EMG Start	EMG End	EMG Res.	EMG Channels	EMG Window Start	EMG Window End
Sample 8	Session 1	8	-48.8337	60.0351	62.0744	-0.6174	-0.7707	-0.1575	0.6439	-0.6101	0.4616	-0.4519	0.1835	0.8730	0.0000	(null)	(null)	(null)	(null)	(null)	(null)
Sample 9	Session 1	9	-41.3223	46.5930	67.9422	-0.4089	-0.9042	-0.1231	0.7539	-0.4107	0.5128	-0.5142	0.1168	0.8497	0.0000	(null)	(null)	(null)	(null)	(null)	(null)
Sample 10	Session 1	10	-37.6030	35.4808	70.9124	-0.5246	-0.8412	-0.1308	0.6949	-0.5119	0.5051	-0.4919	0.1741	0.8531	0.0000	(null)	(null)	(null)	(null)	(null)	(null)
Sample 11	Session 1	11	-60.1186	53.2749	57.6272	-0.4642	-0.8848	-0.0406	0.7567	-0.4200	0.5010	-0.4604	0.2018	0.8645	0.0000	(null)	(null)	(null)	(null)	(null)	(null)
Sample 12	Session 1	12	-54.5768	39.3189	62.0690	-0.4520	-0.8882	-0.0823	0.7503	-0.4285	0.5034	-0.4824	0.1658	0.8601	0.0000	(null)	(null)	(null)	(null)	(null)	(null)
Sample 13	Session 1	13	-46.2367	25.1832	66.6693	-0.4580	-0.8846	-0.0879	0.7746	-0.4457	0.4486	-0.4360	0.1374	0.8894	0.0000	(null)	(null)	(null)	(null)	(null)	(null)
Sample 14	Session 1	14	-71.7547	44.5895	52.1894	-0.5114	-0.8554	-0.0822	0.7048	-0.4722	0.5295	-0.4917	0.2128	0.8443	0.0000	(null)	(null)	(null)	(null)	(null)	(null)
Sample 15	Session 1	15	-65.9380	29.8755	55.0294	-0.4570	-0.8737	-0.1665	0.6331	-0.4510	0.6291	-0.6248	0.1821	0.7593	0.0000	(null)	(null)	(null)	(null)	(null)	(null)
Sample 16	Session 1	16	-57.7291	15.8915	60.6602	-0.3532	-0.9273	-0.1238	0.7769	-0.3645	0.5134	-0.5212	0.0852	0.8492	0.0000	(null)	(null)	(null)	(null)	(null)	(null)
# Planned Landmark Name	Loc. X	Loc. Y	Loc. Z
Left Ear	65.2409	11.4840	-55.8915
Naision	4.2063	-84.6790	-19.0248
Right Ear	-74.5290	4.9463	-54.5555
# Session Landmark Name	Session Name	Used?	Loc. X	Loc. Y	Loc. Z
Left Ear	Session 1	yes	22.4961	110.9280	-129.0207
Naision	Session 1	yes	53.1860	55.2680	-26.6741
Right Ear	Session 1	yes	97.8365	-8.4817	-128.1248
# Session Name	Loc. X	Loc. Y	Loc. Z	m0n0	m0n1	m0n2	m1n0	m1n1	m1n2	m2n0	m2n1	m2n2
Session 1	115.2233	40.7337	137.0422	-0.5277	-0.2946	-0.7967	0.8488	-0.1477	-0.5076	0.0319	-0.9441	0.3280
